95
111
164
183
248
260
264
276
295
299
308
371
376
395
420
452
456
548
552
564
579
580
583
616
632
651
660
712
820
840
852
868
904
915
939
952
979
987
995
1032
1043
1060
1092
1128
1131
1155
1195
1204
1240
1252
1288
1299
1320
1339
1348
1380
1428
1443
1528
1540
1635
1651
1659
1672
1731
1752
1768
1771
1780
1795
1803
1828
1848
1864
1912
1939
1947
1992
1995
2020
2035
2059
2067
2139
2163
2212
2248
2307
2308
2323
2392
2395
2419
2451
2587
2611
2632
2667
2715
2755
2788
2827
2947
2968
2995
3003
3172
3243
3315
3355
3403
3448
3507
3595
3787
3883
3963
4123
4195
4267
4323
4387
4747
4843
4867
5083
5467
5587
5707
5947
6307
0
